100
0
1 0 1
1 1 1
1 2 1
1 3 1
1 4 1
1 5 1
1 6 1
1 7 1
1 8 1
1 9 1
1 10 1
1 11 1
1 12 1
1 13 1
1 14 1
1 15 1
1 16 1
1 17 1
1 18 1
1 19 1
1 20 1
1 21 1
1 22 1
1 23 1
1 24 1
1 25 1
1 26 1
1 27 1
1 28 1
1 29 1
1 30 1
1 31 1
1 32 1
1 33 1
1 34 1
1 35 1
1 36 1
1 37 1
1 38 1
1 39 1
1 40 1
1 41 1
1 42 1
1 43 1
1 44 1
1 45 1
1 46 1
1 47 1
1 48 1
50 49 1 0 51 1 50 2 49 3 48 4 47 5 46 6 45 7 44 8 43 9 42 10 41 11 40 12 39 13 38 14 37 15 36 16 35 17 34 18 33 19 32 20 31 21 30 22 29 23 28 24 27 25 26 26 25 27 24 28 23 29 22 30 21 31 20 32 19 33 18 34 17 35 16 36 15 37 14 38 13 39 12 40 11 41 10 42 9 43 8 44 7 45 6 46 5 47 4 48 3
51 50 1 0 52 1 51 2 50 3 49 4 48 5 47 6 46 7 45 8 44 9 43 10 42 11 41 12 40 13 39 14 38 15 37 16 36 17 35 18 34 19 33 20 32 21 31 22 30 23 29 24 28 25 27 26 26 27 25 28 24 29 23 30 22 31 21 32 20 33 19 34 18 35 17 36 16 37 15 38 14 39 13 40 12 41 11 42 10 43 9 44 8 45 7 46 6 47 5 48 4 49 3
52 51 1 0 53 1 52 2 51 3 50 4 49 5 48 6 47 7 46 8 45 9 44 10 43 11 42 12 41 13 40 14 39 15 38 16 37 17 36 18 35 19 34 20 33 21 32 22 31 23 30 24 29 25 28 26 27 27 26 28 25 29 24 30 23 31 22 32 21 33 20 34 19 35 18 36 17 37 16 38 15 39 14 40 13 41 12 42 11 43 10 44 9 45 8 46 7 47 6 48 5 49 4 50 3
53 52 1 0 54 1 53 2 52 3 51 4 50 5 49 6 48 7 47 8 46 9 45 10 44 11 43 12 42 13 41 14 40 15 39 16 38 17 37 18 36 19 35 20 34 21 33 22 32 23 31 24 30 25 29 26 28 27 27 28 26 29 25 30 24 31 23 32 22 33 21 34 20 35 19 36 18 37 17 38 16 39 15 40 14 41 13 42 12 43 11 44 10 45 9 46 8 47 7 48 6 49 5 50 4 51 3
54 53 1 0 55 1 54 2 53 3 52 4 51 5 50 6 49 7 48 8 47 9 46 10 45 11 44 12 43 13 42 14 41 15 40 16 39 17 38 18 37 19 36 20 35 21 34 22 33 23 32 24 31 25 30 26 29 27 28 28 27 29 26 30 25 31 24 32 23 33 22 34 21 35 20 36 19 37 18 38 17 39 16 40 15 41 14 42 13 43 12 44 11 45 10 46 9 47 8 48 7 49 6 50 5 51 4 52 3
55 54 1 0 56 1 55 2 54 3 53 4 52 5 51 6 50 7 49 8 48 9 47 10 46 11 45 12 44 13 43 14 42 15 41 16 40 17 39 18 38 19 37 20 36 21 35 22 34 23 33 24 32 25 31 26 30 27 29 28 28 29 27 30 26 31 25 32 24 33 23 34 22 35 21 36 20 37 19 38 18 39 17 40 16 41 15 42 14 43 13 44 12 45 11 46 10 47 9 48 8 49 7 50 6 51 5 52 4 53 3
56 55 1 0 57 1 56 2 55 3 54 4 53 5 52 6 51 7 50 8 49 9 48 10 47 11 46 12 45 13 44 14 43 15 42 16 41 17 40 18 39 19 38 20 37 21 36 22 35 23 34 24 33 25 32 26 31 27 30 28 29 29 28 30 27 31 26 32 25 33 24 34 23 35 22 36 21 37 20 38 19 39 18 40 17 41 16 42 15 43 14 44 13 45 12 46 11 47 10 48 9 49 8 50 7 51 6 52 5 53 4 54 3
57 56 1 0 58 1 57 2 56 3 55 4 54 5 53 6 52 7 51 8 50 9 49 10 48 11 47 12 46 13 45 14 44 15 43 16 42 17 41 18 40 19 39 20 38 21 37 22 36 23 35 24 34 25 33 26 32 27 31 28 30 29 29 30 28 31 27 32 26 33 25 34 24 35 23 36 22 37 21 38 20 39 19 40 18 41 17 42 16 43 15 44 14 45 13 46 12 47 11 48 10 49 9 50 8 51 7 52 6 53 5 54 4 55 3
58 57 1 0 59 1 58 2 57 3 56 4 55 5 54 6 53 7 52 8 51 9 50 10 49 11 48 12 47 13 46 14 45 15 44 16 43 17 42 18 41 19 40 20 39 21 38 22 37 23 36 24 35 25 34 26 33 27 32 28 31 29 30 30 29 31 28 32 27 33 26 34 25 35 24 36 23 37 22 38 21 39 20 40 19 41 18 42 17 43 16 44 15 45 14 46 13 47 12 48 11 49 10 50 9 51 8 52 7 53 6 54 5 55 4 56 3
59 58 1 0 60 1 59 2 58 3 57 4 56 5 55 6 54 7 53 8 52 9 51 10 50 11 49 12 48 13 47 14 46 15 45 16 44 17 43 18 42 19 41 20 40 21 39 22 38 23 37 24 36 25 35 26 34 27 33 28 32 29 31 30 30 31 29 32 28 33 27 34 26 35 25 36 24 37 23 38 22 39 21 40 20 41 19 42 18 43 17 44 16 45 15 46 14 47 13 48 12 49 11 50 10 51 9 52 8 53 7 54 6 55 5 56 4 57 3
60 59 1 0 61 1 60 2 59 3 58 4 57 5 56 6 55 7 54 8 53 9 52 10 51 11 50 12 49 13 48 14 47 15 46 16 45 17 44 18 43 19 42 20 41 21 40 22 39 23 38 24 37 25 36 26 35 27 34 28 33 29 32 30 31 31 30 32 29 33 28 34 27 35 26 36 25 37 24 38 23 39 22 40 21 41 20 42 19 43 18 44 17 45 16 46 15 47 14 48 13 49 12 50 11 51 10 52 9 53 8 54 7 55 6 56 5 57 4 58 3
61 60 1 0 62 1 61 2 60 3 59 4 58 5 57 6 56 7 55 8 54 9 53 10 52 11 51 12 50 13 49 14 48 15 47 16 46 17 45 18 44 19 43 20 42 21 41 22 40 23 39 24 38 25 37 26 36 27 35 28 34 29 33 30 32 31 31 32 30 33 29 34 28 35 27 36 26 37 25 38 24 39 23 40 22 41 21 42 20 43 19 44 18 45 17 46 16 47 15 48 14 49 13 50 12 51 11 52 10 53 9 54 8 55 7 56 6 57 5 58 4 59 3
62 61 1 0 63 1 62 2 61 3 60 4 59 5 58 6 57 7 56 8 55 9 54 10 53 11 52 12 51 13 50 14 49 15 48 16 47 17 46 18 45 19 44 20 43 21 42 22 41 23 40 24 39 25 38 26 37 27 36 28 35 29 34 30 33 31 32 32 31 33 30 34 29 35 28 36 27 37 26 38 25 39 24 40 23 41 22 42 21 43 20 44 19 45 18 46 17 47 16 48 15 49 14 50 13 51 12 52 11 53 10 54 9 55 8 56 7 57 6 58 5 59 4 60 3
63 62 1 0 64 1 63 2 62 3 61 4 60 5 59 6 58 7 57 8 56 9 55 10 54 11 53 12 52 13 51 14 50 15 49 16 48 17 47 18 46 19 45 20 44 21 43 22 42 23 41 24 40 25 39 26 38 27 37 28 36 29 35 30 34 31 33 32 32 33 31 34 30 35 29 36 28 37 27 38 26 39 25 40 24 41 23 42 22 43 21 44 20 45 19 46 18 47 17 48 16 49 15 50 14 51 13 52 12 53 11 54 10 55 9 56 8 57 7 58 6 59 5 60 4 61 3
64 63 1 0 65 1 64 2 63 3 62 4 61 5 60 6 59 7 58 8 57 9 56 10 55 11 54 12 53 13 52 14 51 15 50 16 49 17 48 18 47 19 46 20 45 21 44 22 43 23 42 24 41 25 40 26 39 27 38 28 37 29 36 30 35 31 34 32 33 33 32 34 31 35 30 36 29 37 28 38 27 39 26 40 25 41 24 42 23 43 22 44 21 45 20 46 19 47 18 48 17 49 16 50 15 51 14 52 13 53 12 54 11 55 10 56 9 57 8 58 7 59 6 60 5 61 4 62 3
65 64 1 0 66 1 65 2 64 3 63 4 62 5 61 6 60 7 59 8 58 9 57 10 56 11 55 12 54 13 53 14 52 15 51 16 50 17 49 18 48 19 47 20 46 21 45 22 44 23 43 24 42 25 41 26 40 27 39 28 38 29 37 30 36 31 35 32 34 33 33 34 32 35 31 36 30 37 29 38 28 39 27 40 26 41 25 42 24 43 23 44 22 45 21 46 20 47 19 48 18 49 17 50 16 51 15 52 14 53 13 54 12 55 11 56 10 57 9 58 8 59 7 60 6 61 5 62 4 63 3
48 65 1 0 67 1 66 2 65 3 64 4 63 5 62 6 61 7 60 8 59 9 58 10 57 11 56 12 55 13 54 14 53 15 52 16 51 17 50 18 49 19 48 20 47 21 46 22 45 23 44 24 43 25 42 26 41 27 40 28 39 29 38 30 37 31 36 32 35 33 34 34 33 35 32 36 31 37 30 38 29 39 28 40 27 41 26 42 25 43 24 44 23 45 22 46 21
1 66 1
1 67 1
1 68 1
1 69 1
1 70 1
1 71 1
1 72 1
1 73 1
1 74 1
1 75 1
1 76 1
1 77 1
1 78 1
1 79 1
1 80 1
1 81 1
1 82 1
1 83 1
1 84 1
1 85 1
1 86 1
1 87 1
1 88 1
1 89 1
1 90 1
1 91 1
1 92 1
1 93 1
1 94 1
1 95 1
1 96 1
1 97 1
1 98 1
10
99 0
99 0
99 0
99 0
99 0
99 0
99 0
99 0
99 0
99 0
